1.000 0.000 0.058 0.042 0.000 0.003 0.000 0.043 0.028 0.001 0.075 0.000 0.017 0.022 0.035 0.037 0.015 0.039 0.000 0.000 0.000 0.023 0.007 0.000 0.000 0.000 0.002 0.037 0.013 0.029 0.003 0.000 0.028 0.037 0.041 0.003 0.004 0.012 0.000 0.004 0.000 0.033 0.000 0.000 0.012 0.027 0.067 0.095 0.031 0.022 0.024 0.029
0.000 1.000 0.000 0.021 0.000 0.000 0.000 0.000 0.000 0.000 0.000 0.000 0.000 0.000 0.000 0.000 0.000 0.000 0.000 0.000 0.000 0.000 0.000 0.000 0.000 0.000 0.000 0.018 0.000 0.000 0.000 0.000 0.000 0.000 0.000 0.000 0.000 0.000 0.000 0.000 0.000 0.000 0.000 0.000 0.000 0.000 0.060 0.000 0.000 0.000 0.000 0.000
0.058 0.000 1.000 0.144 0.000 0.047 0.064 0.187 0.090 0.010 0.058 0.033 0.006 0.050 0.239 0.047 0.094 0.237 0.002 0.048 0.011 0.029 0.013 0.026 0.038 0.033 0.059 0.235 0.064 0.077 0.094 0.000 0.144 0.069 0.088 0.089 0.073 0.096 0.062 0.016 0.044 0.137 0.048 0.007 0.043 0.051 0.180 0.104 0.049 0.037 0.093 0.025
0.042 0.021 0.144 1.000 0.047 0.035 0.003 0.130 0.052 0.026 0.081 0.066 0.007 0.037 0.146 0.024 0.103 0.164 0.002 0.010 0.047 0.013 0.060 0.001 0.023 0.036 0.016 0.298 0.091 0.063 0.101 0.015 0.131 0.024 0.071 0.041 0.045 0.052 0.035 0.002 0.001 0.125 0.006 0.016 0.049 0.063 0.194 0.072 0.019 0.028 0.049 0.074
0.000 0.000 0.000 0.047 1.000 0.000 0.000 0.000 0.000 0.000 0.000 0.000 0.000 0.000 0.000 0.000 0.000 0.000 0.000 0.000 0.000 0.000 0.000 0.000 0.000 0.000 0.000 0.000 0.000 0.000 0.000 0.000 0.000 0.000 0.000 0.000 0.000 0.000 0.000 0.000 0.000 0.000 0.000 0.000 0.000 0.000 0.000 0.000 0.000 0.000 0.000 0.000
0.003 0.000 0.047 0.035 0.000 1.000 0.006 0.022 0.029 0.003 0.002 0.004 0.002 0.062 0.051 0.024 0.003 0.027 0.005 0.002 0.000 0.002 0.009 0.002 0.071 0.010 0.003 0.084 0.003 0.004 0.039 0.000 0.056 0.041 0.005 0.006 0.006 0.004 0.004 0.005 0.003 0.010 0.000 0.000 0.029 0.004 0.065 0.023 0.000 0.007 0.002 0.005
0.000 0.000 0.064 0.003 0.000 0.006 1.000 0.003 0.005 0.005 0.004 0.018 0.012 0.015 0.071 0.000 0.005 0.072 0.026 0.009 0.000 0.010 0.000 0.010 0.010 0.049 0.000 0.040 0.004 0.003 0.008 0.000 0.003 0.004 0.005 0.007 0.008 0.004 0.019 0.000 0.013 0.003 0.000 0.000 0.007 0.006 0.043 0.000 0.000 0.009 0.009 0.008
0.043 0.000 0.187 0.130 0.000 0.022 0.003 1.000 0.070 0.031 0.034 0.040 0.008 0.089 0.152 0.048 0.083 0.140 0.056 0.016 0.066 0.008 0.020 0.001 0.029 0.054 0.039 0.153 0.034 0.040 0.056 0.000 0.215 0.026 0.078 0.075 0.083 0.067 0.061 0.003 0.049 0.153 0.036 0.057 0.036 0.063 0.131 0.103 0.028 0.034 0.087 0.013
0.028 0.000 0.090 0.052 0.000 0.029 0.005 0.070 1.000 0.136 0.020 0.003 0.013 0.043 0.086 0.013 0.042 0.085 0.004 0.024 0.023 0.002 0.008 0.002 0.002 0.008 0.012 0.076 0.050 0.013 0.032 0.000 0.041 0.043 0.018 0.005 0.005 0.054 0.049 0.004 0.002 0.060 0.000 0.015 0.018 0.015 0.078 0.017 0.000 0.017 0.062 0.011
0.001 0.000 0.010 0.026 0.000 0.003 0.005 0.031 0.136 1.000 0.012 0.003 0.002 0.003 0.044 0.001 0.002 0.026 0.005 0.002 0.000 0.002 0.004 0.002 0.002 0.009 0.001 0.043 0.011 0.019 0.003 0.000 0.012 0.002 0.039 0.003 0.004 0.002 0.003 0.002 0.002 0.007 0.000 0.000 0.003 0.015 0.042 0.001 0.000 0.053 0.002 0.003
0.075 0.000 0.058 0.081 0.000 0.002 0.004 0.034 0.020 0.012 1.000 0.003 0.002 0.039 0.042 0.018 0.060 0.064 0.004 0.001 0.000 0.002 0.182 0.002 0.016 0.069 0.001 0.080 0.008 0.006 0.034 0.000 0.072 0.016 0.009 0.013 0.014 0.007 0.027 0.002 0.002 0.050 0.012 0.000 0.011 0.008 0.066 0.053 0.014 0.059 0.001 0.033
0.000 0.000 0.033 0.066 0.000 0.004 0.018 0.040 0.003 0.003 0.003 1.000 0.007 0.009 0.027 0.000 0.003 0.068 0.016 0.005 0.000 0.006 0.000 0.006 0.006 0.031 0.000 0.054 0.043 0.002 0.005 0.000 0.038 0.082 0.003 0.005 0.005 0.002 0.012 0.000 0.008 0.067 0.000 0.000 0.004 0.004 0.067 0.000 0.000 0.006 0.006 0.005
0.017 0.000 0.006 0.007 0.000 0.002 0.012 0.008 0.013 0.002 0.002 0.007 1.000 0.047 0.048 0.000 0.013 0.076 0.010 0.003 0.000 0.004 0.000 0.004 0.004 0.020 0.000 0.005 0.012 0.013 0.003 0.000 0.007 0.002 0.002 0.003 0.003 0.001 0.008 0.000 0.005 0.008 0.000 0.000 0.019 0.002 0.047 0.000 0.000 0.038 0.004 0.024
0.022 0.000 0.050 0.037 0.000 0.062 0.015 0.089 0.043 0.003 0.039 0.009 0.047 1.000 0.034 0.000 0.041 0.095 0.013 0.004 0.086 0.005 0.000 0.005 0.005 0.025 0.000 0.042 0.015 0.017 0.124 0.000 0.058 0.002 0.002 0.004 0.004 0.002 0.182 0.000 0.007 0.065 0.000 0.056 0.068 0.003 0.008 0.000 0.000 0.047 0.005 0.030
0.035 0.000 0.239 0.146 0.000 0.051 0.071 0.152 0.086 0.044 0.042 0.027 0.048 0.034 1.000 0.020 0.067 0.286 0.043 0.025 0.008 0.038 0.015 0.029 0.072 0.038 0.026 0.202 0.040 0.074 0.045 0.000 0.151 0.067 0.131 0.051 0.056 0.067 0.071 0.050 0.001 0.138 0.053 0.005 0.056 0.061 0.194 0.077 0.074 0.033 0.010 0.046
0.037 0.000 0.047 0.024 0.000 0.024 0.000 0.048 0.013 0.001 0.018 0.000 0.000 0.000 0.020 1.000 0.013 0.027 0.000 0.000 0.000 0.000 0.029 0.000 0.060 0.070 0.002 0.037 0.001 0.078 0.002 0.000 0.039 0.002 0.013 0.003 0.003 0.002 0.028 0.003 0.000 0.024 0.014 0.000 0.003 0.002 0.028 0.157 0.016 0.016 0.038 0.014
0.015 0.000 0.094 0.103 0.000 0.003 0.005 0.083 0.042 0.002 0.060 0.003 0.013 0.041 0.067 0.013 1.000 0.059 0.005 0.002 0.022 0.016 0.028 0.002 0.018 0.077 0.002 0.089 0.114 0.048 0.038 0.063 0.063 0.020 0.034 0.038 0.042 0.049 0.074 0.003 0.002 0.065 0.014 0.014 0.027 0.054 0.104 0.027 0.016 0.028 0.002 0.039
0.039 0.000 0.237 0.164 0.000 0.027 0.072 0.140 0.085 0.026 0.064 0.068 0.076 0.095 0.286 0.027 0.059 1.000 0.040 0.008 0.000 0.066 0.012 0.001 0.056 0.029 0.048 0.233 0.061 0.056 0.096 0.000 0.153 0.034 0.073 0.046 0.050 0.087 0.011 0.040 0.001 0.159 0.005 0.015 0.058 0.078 0.238 0.081 0.043 0.056 0.059 0.060
0.000 0.000 0.002 0.002 0.000 0.005 0.026 0.056 0.004 0.005 0.004 0.016 0.010 0.013 0.043 0.000 0.005 0.040 1.000 0.008 0.000 0.009 0.000 0.009 0.009 0.044 0.272 0.035 0.004 0.125 0.007 0.000 0.049 0.004 0.004 0.006 0.007 0.003 0.017 0.000 0.012 0.003 0.000 0.000 0.006 0.005 0.002 0.000 0.000 0.008 0.008 0.007
0.000 0.000 0.048 0.010 0.000 0.002 0.009 0.016 0.024 0.002 0.001 0.005 0.003 0.004 0.025 0.000 0.002 0.008 0.008 1.000 0.000 0.003 0.000 0.003 0.003 0.015 0.000 0.031 0.314 0.001 0.002 0.000 0.040 0.001 0.038 0.002 0.002 0.001 0.006 0.000 0.004 0.049 0.000 0.000 0.002 0.002 0.023 0.000 0.000 0.003 0.003 0.002
0.000 0.000 0.011 0.047 0.000 0.000 0.000 0.066 0.023 0.000 0.000 0.000 0.000 0.086 0.008 0.000 0.022 0.000 0.000 0.000 1.000 0.000 0.000 0.000 0.000 0.000 0.000 0.009 0.000 0.000 0.049 0.000 0.000 0.000 0.000 0.000 0.000 0.000 0.150 0.000 0.000 0.016 0.000 0.048 0.000 0.000 0.000 0.000 0.000 0.000 0.000 0.000
0.023 0.000 0.029 0.013 0.000 0.002 0.010 0.008 0.002 0.002 0.002 0.006 0.004 0.005 0.038 0.000 0.016 0.066 0.009 0.003 0.000 1.000 0.000 0.003 0.004 0.017 0.000 0.027 0.001 0.001 0.003 0.000 0.017 0.001 0.002 0.002 0.003 0.091 0.007 0.000 0.004 0.053 0.185 0.000 0.002 0.056 0.015 0.017 0.000 0.003 0.003 0.003
0.007 0.000 0.013 0.060 0.000 0.009 0.000 0.020 0.008 0.004 0.182 0.000 0.000 0.000 0.015 0.029 0.028 0.012 0.000 0.000 0.000 0.000 1.000 0.000 0.071 0.300 0.008 0.011 0.005 0.008 0.010 0.000 0.019 0.009 0.010 0.011 0.013 0.008 0.118 0.014 0.000 0.013 0.060 0.000 0.011 0.007 0.015 0.035 0.070 0.070 0.000 0.009
0.000 0.000 0.026 0.001 0.000 0.002 0.010 0.001 0.002 0.002 0.002 0.006 0.004 0.005 0.029 0.000 0.002 0.001 0.009 0.003 0.000 0.003 0.000 1.000 0.004 0.017 0.000 0.001 0.001 0.001 0.003 0.000 0.001 0.002 0.002 0.003 0.003 0.001 0.007 0.000 0.005 0.001 0.000 0.000 0.002 0.002 0.001 0.000 0.000 0.003 0.003 0.003
0.000 0.000 0.038 0.023 0.000 0.071 0.010 0.029 0.002 0.002 0.016 0.006 0.004 0.005 0.072 0.060 0.018 0.056 0.009 0.003 0.000 0.004 0.071 0.004 1.000 0.235 0.000 0.036 0.001 0.038 0.003 0.000 0.033 0.002 0.002 0.003 0.003 0.001 0.316 0.000 0.005 0.023 0.155 0.000 0.002 0.002 0.045 0.060 0.051 0.043 0.003 0.003
0.000 0.000 0.033 0.036 0.000 0.010 0.049 0.054 0.008 0.009 0.069 0.031 0.020 0.025 0.038 0.070 0.077 0.029 0.044 0.015 0.000 0.017 0.300 0.017 0.235 1.000 0.000 0.029 0.007 0.005 0.014 0.000 0.050 0.007 0.008 0.012 0.013 0.006 0.394 0.000 0.022 0.032 0.182 0.000 0.011 0.010 0.039 0.083 0.213 0.184 0.015 0.014
0.002 0.000 0.059 0.016 0.000 0.003 0.000 0.039 0.012 0.001 0.001 0.000 0.000 0.000 0.026 0.002 0.002 0.048 0.272 0.000 0.000 0.000 0.008 0.000 0.000 0.000 1.000 0.035 0.031 0.047 0.023 0.000 0.020 0.003 0.003 0.003 0.004 0.002 0.000 0.004 0.000 0.006 0.000 0.000 0.017 0.065 0.039 0.002 0.127 0.004 0.000 0.003
0.037 0.018 0.235 0.298 0.000 0.084 0.040 0.153 0.076 0.043 0.080 0.054 0.005 0.042 0.202 0.037 0.089 0.233 0.035 0.031 0.009 0.027 0.011 0.001 0.036 0.029 0.035 1.000 0.082 0.076 0.054 0.037 0.185 0.036 0.055 0.056 0.047 0.069 0.030 0.068 0.001 0.177 0.005 0.030 0.043 0.051 0.316 0.091 0.030 0.044 0.066 0.083
0.013 0.000 0.064 0.091 0.000 0.003 0.004 0.034 0.050 0.011 0.008 0.043 0.012 0.015 0.040 0.001 0.114 0.061 0.004 0.314 0.000 0.001 0.005 0.001 0.001 0.007 0.031 0.082 1.000 0.010 0.003 0.055 0.060 0.017 0.042 0.003 0.004 0.020 0.003 0.003 0.002 0.069 0.072 0.000 0.009 0.037 0.100 0.002 0.014 0.015 0.013 0.010
0.029 0.000 0.077 0.063 0.000 0.004 0.003 0.040 0.013 0.019 0.006 0.002 0.013 0.017 0.074 0.078 0.048 0.056 0.125 0.001 0.000 0.001 0.008 0.001 0.038 0.005 0.047 0.076 0.010 1.000 0.017 0.000 0.074 0.011 0.034 0.033 0.036 0.015 0.093 0.004 0.001 0.080 0.046 0.089 0.051 0.022 0.088 0.033 0.021 0.075 0.051 0.025
0.003 0.000 0.094 0.101 0.000 0.039 0.008 0.056 0.032 0.003 0.034 0.005 0.003 0.124 0.045 0.002 0.038 0.096 0.007 0.002 0.049 0.003 0.010 0.003 0.003 0.014 0.023 0.054 0.003 0.017 1.000 0.000 0.041 0.005 0.005 0.007 0.007 0.109 0.104 0.005 0.004 0.042 0.000 0.032 0.049 0.063 0.047 0.003 0.000 0.170 0.067 0.006
0.000 0.000 0.000 0.015 0.000 0.000 0.000 0.000 0.000 0.000 0.000 0.000 0.000 0.000 0.000 0.000 0.063 0.000 0.000 0.000 0.000 0.000 0.000 0.000 0.000 0.000 0.000 0.037 0.055 0.000 0.000 1.000 0.000 0.000 0.000 0.000 0.000 0.000 0.000 0.000 0.000 0.000 0.000 0.000 0.000 0.000 0.016 0.000 0.000 0.000 0.000 0.000
0.028 0.000 0.144 0.131 0.000 0.056 0.003 0.215 0.041 0.012 0.072 0.038 0.007 0.058 0.151 0.039 0.063 0.153 0.049 0.040 0.000 0.017 0.019 0.001 0.033 0.050 0.020 0.185 0.060 0.074 0.041 0.000 1.000 0.040 0.057 0.043 0.047 0.058 0.020 0.025 0.001 0.168 0.009 0.072 0.030 0.053 0.146 0.103 0.021 0.030 0.043 0.029
0.037 0.000 0.069 0.024 0.000 0.041 0.004 0.026 0.043 0.002 0.016 0.082 0.002 0.002 0.067 0.002 0.020 0.034 0.004 0.001 0.000 0.001 0.009 0.002 0.002 0.007 0.003 0.036 0.017 0.011 0.005 0.000 0.040 1.000 0.027 0.005 0.006 0.012 0.003 0.005 0.002 0.018 0.000 0.000 0.005 0.003 0.056 0.024 0.028 0.006 0.024 0.004
0.041 0.000 0.088 0.071 0.000 0.005 0.005 0.078 0.018 0.039 0.009 0.003 0.002 0.002 0.131 0.013 0.034 0.073 0.004 0.038 0.000 0.002 0.010 0.002 0.002 0.008 0.003 0.055 0.042 0.034 0.005 0.000 0.057 0.027 1.000 0.547 0.602 0.281 0.003 0.005 0.002 0.066 0.000 0.000 0.017 0.013 0.098 0.045 0.000 0.007 0.001 0.020
0.003 0.000 0.089 0.041 0.000 0.006 0.007 0.075 0.005 0.003 0.013 0.005 0.003 0.004 0.051 0.003 0.038 0.046 0.006 0.002 0.000 0.002 0.011 0.003 0.003 0.012 0.003 0.056 0.003 0.033 0.007 0.000 0.043 0.005 0.547 1.000 0.908 0.424 0.005 0.006 0.003 0.054 0.000 0.000 0.024 0.019 0.049 0.017 0.000 0.009 0.002 0.006
0.004 0.000 0.073 0.045 0.000 0.006 0.008 0.083 0.005 0.004 0.014 0.005 0.003 0.004 0.056 0.003 0.042 0.050 0.007 0.002 0.000 0.003 0.013 0.003 0.003 0.013 0.004 0.047 0.004 0.036 0.007 0.000 0.047 0.006 0.602 0.908 1.000 0.466 0.005 0.007 0.004 0.059 0.000 0.000 0.026 0.021 0.054 0.019 0.000 0.010 0.002 0.007
0.012 0.000 0.096 0.052 0.000 0.004 0.004 0.067 0.054 0.002 0.007 0.002 0.001 0.002 0.067 0.002 0.049 0.087 0.003 0.001 0.000 0.091 0.008 0.001 0.001 0.006 0.002 0.069 0.020 0.015 0.109 0.000 0.058 0.012 0.281 0.424 0.466 1.000 0.002 0.004 0.002 0.069 0.000 0.000 0.013 0.026 0.052 0.024 0.025 0.005 0.021 0.004
0.000 0.000 0.062 0.035 0.000 0.004 0.019 0.061 0.049 0.003 0.027 0.012 0.008 0.182 0.071 0.028 0.074 0.011 0.017 0.006 0.150 0.007 0.118 0.007 0.316 0.394 0.000 0.030 0.003 0.093 0.104 0.000 0.020 0.003 0.003 0.005 0.005 0.002 1.000 0.000 0.009 0.084 0.346 0.097 0.004 0.004 0.042 0.033 0.084 0.073 0.006 0.005
0.004 0.000 0.016 0.002 0.000 0.005 0.000 0.003 0.004 0.002 0.002 0.000 0.000 0.000 0.050 0.003 0.003 0.040 0.000 0.000 0.000 0.000 0.014 0.000 0.000 0.000 0.004 0.068 0.003 0.004 0.005 0.000 0.025 0.005 0.005 0.006 0.007 0.004 0.000 1.000 0.000 0.022 0.000 0.000 0.006 0.004 0.002 0.004 0.000 0.008 0.000 0.005
0.000 0.000 0.044 0.001 0.000 0.003 0.013 0.049 0.002 0.002 0.002 0.008 0.005 0.007 0.001 0.000 0.002 0.001 0.012 0.004 0.000 0.004 0.000 0.005 0.005 0.022 0.000 0.001 0.002 0.001 0.004 0.000 0.001 0.002 0.002 0.003 0.004 0.002 0.009 0.000 1.000 0.001 0.000 0.000 0.003 0.003 0.001 0.000 0.000 0.004 0.004 0.004
0.033 0.000 0.137 0.125 0.000 0.010 0.003 0.153 0.060 0.007 0.050 0.067 0.008 0.065 0.138 0.024 0.065 0.159 0.003 0.049 0.016 0.053 0.013 0.001 0.023 0.032 0.006 0.177 0.069 0.080 0.042 0.000 0.168 0.018 0.066 0.054 0.059 0.069 0.084 0.022 0.001 1.000 0.165 0.010 0.053 0.055 0.169 0.094 0.022 0.036 0.014 0.040
0.000 0.000 0.048 0.006 0.000 0.000 0.000 0.036 0.000 0.000 0.012 0.000 0.000 0.000 0.053 0.014 0.014 0.005 0.000 0.000 0.000 0.185 0.060 0.000 0.155 0.182 0.000 0.005 0.072 0.046 0.000 0.000 0.009 0.000 0.000 0.000 0.000 0.000 0.346 0.000 0.000 0.165 1.000 0.000 0.000 0.000 0.020 0.081 0.042 0.034 0.000 0.000
0.000 0.000 0.007 0.016 0.000 0.000 0.000 0.057 0.015 0.000 0.000 0.000 0.000 0.056 0.005 0.000 0.014 0.015 0.000 0.000 0.048 0.000 0.000 0.000 0.000 0.000 0.000 0.030 0.000 0.089 0.032 0.000 0.072 0.000 0.000 0.000 0.000 0.000 0.097 0.000 0.000 0.010 0.000 1.000 0.000 0.000 0.013 0.000 0.000 0.000 0.000 0.000
0.012 0.000 0.043 0.049 0.000 0.029 0.007 0.036 0.018 0.003 0.011 0.004 0.019 0.068 0.056 0.003 0.027 0.058 0.006 0.002 0.000 0.002 0.011 0.002 0.002 0.011 0.017 0.043 0.009 0.051 0.049 0.000 0.030 0.005 0.017 0.024 0.026 0.013 0.004 0.006 0.003 0.053 0.000 0.000 1.000 0.271 0.038 0.028 0.000 0.025 0.002 0.016
0.027 0.000 0.051 0.063 0.000 0.004 0.006 0.063 0.015 0.015 0.008 0.004 0.002 0.003 0.061 0.002 0.054 0.078 0.005 0.002 0.000 0.056 0.007 0.002 0.002 0.010 0.065 0.051 0.037 0.022 0.063 0.000 0.053 0.003 0.013 0.019 0.021 0.026 0.004 0.004 0.003 0.055 0.000 0.000 0.271 1.000 0.052 0.029 0.000 0.006 0.002 0.004
0.067 0.060 0.180 0.194 0.000 0.065 0.043 0.131 0.078 0.042 0.066 0.067 0.047 0.008 0.194 0.028 0.104 0.238 0.002 0.023 0.000 0.015 0.015 0.001 0.045 0.039 0.039 0.316 0.100 0.088 0.047 0.016 0.146 0.056 0.098 0.049 0.054 0.052 0.042 0.002 0.001 0.169 0.020 0.013 0.038 0.052 1.000 0.048 0.020 0.024 0.020 0.050
0.095 0.000 0.104 0.072 0.000 0.023 0.000 0.103 0.017 0.001 0.053 0.000 0.000 0.000 0.077 0.157 0.027 0.081 0.000 0.000 0.000 0.017 0.035 0.000 0.060 0.083 0.002 0.091 0.002 0.033 0.003 0.000 0.103 0.024 0.045 0.017 0.019 0.024 0.033 0.004 0.000 0.094 0.081 0.000 0.028 0.029 0.048 1.000 0.019 0.020 0.045 0.014
0.031 0.000 0.049 0.019 0.000 0.000 0.000 0.028 0.000 0.000 0.014 0.000 0.000 0.000 0.074 0.016 0.016 0.043 0.000 0.000 0.000 0.000 0.070 0.000 0.051 0.213 0.127 0.030 0.014 0.021 0.000 0.000 0.021 0.028 0.000 0.000 0.000 0.025 0.084 0.000 0.000 0.022 0.042 0.000 0.000 0.000 0.020 0.019 1.000 0.039 0.060 0.000
0.022 0.000 0.037 0.028 0.000 0.007 0.009 0.034 0.017 0.053 0.059 0.006 0.038 0.047 0.033 0.016 0.028 0.056 0.008 0.003 0.000 0.003 0.070 0.003 0.043 0.184 0.004 0.044 0.015 0.075 0.170 0.000 0.030 0.006 0.007 0.009 0.010 0.005 0.073 0.008 0.004 0.036 0.034 0.000 0.025 0.006 0.024 0.020 0.039 1.000 0.095 0.029
0.024 0.000 0.093 0.049 0.000 0.002 0.009 0.087 0.062 0.002 0.001 0.006 0.004 0.005 0.010 0.038 0.002 0.059 0.008 0.003 0.000 0.003 0.000 0.003 0.003 0.015 0.000 0.066 0.013 0.051 0.067 0.000 0.043 0.024 0.001 0.002 0.002 0.021 0.006 0.000 0.004 0.014 0.000 0.000 0.002 0.002 0.020 0.045 0.060 0.095 1.000 0.003
0.029 0.000 0.025 0.074 0.000 0.005 0.008 0.013 0.011 0.003 0.033 0.005 0.024 0.030 0.046 0.014 0.039 0.060 0.007 0.002 0.000 0.003 0.009 0.003 0.003 0.014 0.003 0.083 0.010 0.025 0.006 0.000 0.029 0.004 0.020 0.006 0.007 0.004 0.005 0.005 0.004 0.040 0.000 0.000 0.016 0.004 0.050 0.014 0.000 0.029 0.003 1.000
